50 50
0.026217 0.834531 0.280934 0.548161 0.483703 0.688537 0.393526 0.031694 0.353026 0.373673 0.914916 0.212279 0.482506 0.252689 0.902006 0.493561 0.242054 0.781053 0.131570 0.085757 0.322489 0.057610 0.944621 0.340899 0.064494 0.224051 0.534837 0.784344 0.421600 0.730585 0.842799 0.447817 0.565116 0.123733 0.995978 0.048819 0.812270 0.389504 0.080513 0.165296 0.763177 0.995429 0.377575 0.245683 0.248118 0.279581 0.739244 0.490172 0.060635 0.870814 
0.575929 0.383124 0.928423 0.520550 0.724023 0.992917 0.744601 0.258860 0.777261 0.166201 0.989445 0.620060 0.614018 0.554561 0.743793 0.609996 0.603380 0.556062 0.999500 0.683893 0.721358 0.762677 0.679322 0.098933 0.008360 0.927439 0.378515 0.747604 0.417611 0.439150 0.618417 0.993541 0.822274 0.546841 0.514090 0.546296 0.539758 0.258691 0.805156 0.317019 0.424892 0.794601 0.937080 0.038909 0.349162 0.680872 0.648905 0.952542 0.236935 0.648405 
0.636435 0.958293 0.411082 0.315757 0.057227 0.419441 0.243196 0.435741 0.167045 0.660808 0.874891 0.785462 0.654348 0.697164 0.332302 0.168439 0.243461 0.872060 0.427130 0.048617 0.189080 0.852021 0.843218 0.126160 0.890931 0.192380 0.807032 0.539836 0.144922 0.043967 0.188241 0.781357 0.002260 0.599322 0.097114 0.059487 0.018764 0.340310 0.495228 0.185808 0.001118 0.370119 0.971270 0.655466 0.067284 0.303573 0.823905 0.310744 0.175633 0.251035 
0.359361 0.364713 0.103056 0.202579 0.490873 0.993987 0.394959 0.297905 0.533824 0.539881 0.341872 0.722064 0.321237 0.344132 0.321387 0.418351 0.403619 0.340151 0.758661 0.898847 0.525959 0.759780 0.268966 0.497229 0.415246 0.336250 0.800802 0.239151 0.646994 0.976435 0.490186 0.006355 0.341148 0.593243 0.208935 0.832020 0.587230 0.603894 0.129925 0.121053 0.143774 0.471797 0.843118 0.465011 0.815929 0.164505 0.883363 0.219548 0.504656 0.642024 
0.118395 0.030615 0.401804 0.387361 0.527844 0.817050 0.723610 0.328646 0.056201 0.370605 0.305080 0.546387 0.376960 0.646228 0.139630 0.585895 0.478249 0.726860 0.189788 0.608174 0.847913 0.333563 0.079971 0.691031 0.798574 0.895900 0.855536 0.681937 0.115447 0.360192 0.323961 0.233842 0.390806 0.725765 0.621203 0.918650 0.542814 0.344813 0.247295 0.599016 0.715418 0.552376 0.145403 0.092378 0.198604 0.285033 0.678273 0.676853 0.011893 0.868061 
0.285027 0.859806 0.201624 0.364998 0.550837 0.000198 0.260897 0.406373 0.682134 0.376344 0.766564 0.006095 0.610186 0.157370 0.731860 0.231389 0.076020 0.274674 0.576202 0.323315 0.873689 0.291620 0.875691 0.019092 0.383998 0.074295 0.304125 0.062271 0.751148 0.316018 0.930332 0.036174 0.175824 0.131955 0.401172 0.726660 0.132153 0.662069 0.133033 0.814287 0.038414 0.899598 0.820382 0.648600 0.056968 0.552242 0.879989 0.132988 0.826916 0.456191 
0.456304 0.700605 0.747811 0.331995 0.719697 0.131809 0.406290 0.023823 0.194079 0.157438 0.339840 0.124411 0.193612 0.515664 0.256366 0.594784 0.242324 0.388519 0.256853 0.375358 0.202806 0.295267 0.274955 0.023188 0.943866 0.331923 0.575430 0.823855 0.464911 0.402346 0.280046 0.921215 0.102951 0.027857 0.253210 0.822648 0.159665 0.659499 0.846471 0.353744 0.816937 0.186311 0.478155 0.010549 0.701975 0.734521 0.605333 0.944299 0.123040 0.862186 
0.319657 0.325846 0.157452 0.594612 0.349034 0.101319 0.926535 0.924464 0.925174 0.391447 0.326810 0.205220 0.312662 0.429760 0.233077 0.565871 0.252409 0.392742 0.225371 0.098879 0.746486 0.042308 0.285191 0.224641 0.052857 0.987166 0.959162 0.658190 0.931465 0.082202 0.520375 0.251122 0.408048 0.677828 0.845734 0.757083 0.779147 0.772270 0.681547 0.704321 0.163716 0.008357 0.909541 0.476378 0.438117 0.142617 0.042249 0.690526 0.535360 0.267620 
0.789405 0.281846 0.309928 0.074595 0.506487 0.362785 0.061761 0.465650 0.020974 0.993226 0.547852 0.541350 0.244348 0.955900 0.219177 0.090083 0.712983 0.998324 0.862353 0.394530 0.702645 0.026069 0.402887 0.612186 0.502447 0.841004 0.754803 0.544696 0.531529 0.290163 0.812317 0.320934 0.572009 0.122245 0.395530 0.078496 0.485029 0.457291 0.544145 0.506003 0.450517 0.091997 0.047353 0.694865 0.047898 0.266530 0.784948 0.760881 0.264854 0.647301 
0.155411 0.967499 0.673370 0.558297 0.579685 0.175817 0.399301 0.334488 0.720513 0.930830 0.624651 0.532830 0.251765 0.196659 0.655074 0.647294 0.275155 0.140104 0.104585 0.819300 0.646107 0.555102 0.911298 0.693460 0.249967 0.959196 0.959990 0.034916 0.720076 0.224845 0.682217 0.875487 0.192344 0.355586 0.433784 0.772029 0.531403 0.833085 0.106517 0.251916 0.763915 0.731168 0.784746 0.015680 0.927827 0.439821 0.662974 0.202981 0.579924 0.767559 
0.022282 0.226031 0.322661 0.933580 0.919491 0.572629 0.892775 0.879481 0.607544 0.612851 0.104326 0.289761 0.488338 0.296670 0.645347 0.922122 0.068699 0.176751 0.755208 0.175216 0.428667 0.519123 0.906384 0.213413 0.534803 0.834210 0.653234 0.197777 0.037192 0.233158 0.965336 0.059473 0.459189 0.287997 0.993053 0.378680 0.860626 0.885828 0.258162 0.468170 0.498679 0.362488 0.757931 0.987018 0.659158 0.403279 0.909140 0.727857 0.580029 0.664348 
0.903073 0.008696 0.183470 0.809457 0.222109 0.718273 0.643667 0.875343 0.916050 0.680859 0.108501 0.881386 0.740332 0.567690 0.169383 0.733385 0.946370 0.030009 0.619213 0.204532 0.498179 0.117892 0.567020 0.256111 0.104910 0.226178 0.659389 0.014050 0.954035 0.239419 0.678397 0.857108 0.248115 0.861868 0.666565 0.470224 0.580141 0.310232 0.345567 0.496191 0.991090 0.454068 0.377577 0.731422 0.021758 0.546961 0.464807 0.968128 0.576970 0.084020 
0.172660 0.075149 0.201913 0.739680 0.331260 0.306823 0.965857 0.990649 0.320873 0.919892 0.230068 0.999270 0.777000 0.478183 0.861138 0.443564 0.948407 0.441279 0.753796 0.293973 0.937470 0.744887 0.748041 0.315048 0.476309 0.769799 0.862009 0.941116 0.737927 0.438979 0.025137 0.910587 0.514128 0.227050 0.650267 0.845388 0.533872 0.616124 0.836037 0.854745 0.536016 0.066105 0.854015 0.313016 0.544288 0.715153 0.756580 0.492694 0.156432 0.510376 
0.786667 0.093903 0.255263 0.534708 0.408951 0.731572 0.304507 0.270959 0.672688 0.042434 0.709938 0.697825 0.953021 0.224066 0.924875 0.603287 0.069453 0.458747 0.219411 0.905491 0.313492 0.755427 0.971595 0.167507 0.068443 0.515883 0.882660 0.825023 0.008577 0.039093 0.335399 0.795244 0.132996 0.590662 0.329953 0.541947 0.322234 0.634460 0.812906 0.994922 0.676894 0.522844 0.692747 0.629915 0.746909 0.617622 0.233202 0.816363 0.076369 0.452613 
0.721853 0.389861 0.208040 0.693449 0.557368 0.276483 0.209332 0.440028 0.101506 0.217909 0.479121 0.436905 0.013153 0.612117 0.027567 0.343106 0.154063 0.349801 0.977566 0.966969 0.344723 0.654460 0.489813 0.037470 0.284375 0.236722 0.655092 0.517577 0.053085 0.731460 0.970190 0.774938 0.121321 0.178230 0.468387 0.678689 0.454713 0.677719 0.118717 0.556219 0.895628 0.597838 0.993124 0.908781 0.209955 0.020691 0.251888 0.364019 0.370492 0.229454 
0.330988 0.715215 0.883914 0.820801 0.752685 0.168289 0.057523 0.407777 0.685866 0.110608 0.139237 0.656056 0.885547 0.260558 0.834287 0.353934 0.939247 0.289000 0.031653 0.057964 0.845219 0.927281 0.655802 0.838343 0.836062 0.865757 0.859034 0.087950 0.229775 0.229526 0.317404 0.560763 0.944741 0.201318 0.381564 0.697425 0.369607 0.439087 0.105202 0.055473 0.549695 0.244439 0.711530 0.435242 0.504997 0.545816 0.789176 0.444243 0.834816 0.820829 
0.502207 0.680036 0.748110 0.158009 0.518379 0.584173 0.023765 0.377413 0.672123 0.253540 0.606939 0.989527 0.814303 0.551679 0.190844 0.195867 0.249105 0.560451 0.634954 0.354307 0.615925 0.184649 0.598746 0.327454 0.619891 0.103742 0.873271 0.409067 0.547986 0.708087 0.229897 0.050193 0.388123 0.978007 0.208201 0.906501 0.562179 0.231967 0.283914 0.234302 0.485507 0.890853 0.223829 0.299810 0.442532 0.414673 0.495677 0.691636 0.975125 0.130631 
0.045943 0.591049 0.315281 0.644689 0.918504 0.935172 0.748431 0.791774 0.344240 0.296417 0.499861 0.574136 0.346610 0.887984 0.552143 0.554811 0.794485 0.114322 0.786778 0.078399 0.348625 0.272285 0.969252 0.572453 0.572095 0.411784 0.987126 0.067772 0.103420 0.962251 0.198404 0.149363 0.553300 0.513684 0.794052 0.471804 0.448857 0.542483 0.263578 0.793096 0.838901 0.763439 0.367233 0.185510 0.651423 0.919376 0.740322 0.445909 0.033698 0.527100 
0.524308 0.382322 0.799384 0.493560 0.954776 0.371479 0.905344 0.941902 0.439251 0.008764 0.904153 0.637655 0.158127 0.457453 0.151339 0.952180 0.929257 0.600196 0.494663 0.192835 0.393293 0.333564 0.956275 0.760525 0.519074 0.607698 0.679901 0.259396 0.053607 0.713598 0.786495 0.577915 0.095921 0.585880 0.071475 0.050697 0.957359 0.976819 0.992599 0.396610 0.985583 0.896752 0.034265 0.143710 0.354205 0.185605 0.095890 0.283462 0.785801 0.590553 
0.476298 0.179093 0.924117 0.432572 0.939618 0.443191 0.040271 0.619519 0.702587 0.093878 0.333117 0.489082 0.671793 0.429038 0.074962 0.743268 0.479735 0.032321 0.720087 0.472334 0.428931 0.705670 0.369085 0.463196 0.849380 0.723290 0.648801 0.945270 0.006753 0.434602 0.535823 0.483050 0.613695 0.459940 0.915623 0.553313 0.903131 0.955893 0.172832 0.605718 0.049771 0.505949 0.094800 0.721564 0.934988 0.169762 0.464831 0.414723 0.202083 0.184918 
0.887056 0.631014 0.890588 0.256141 0.094210 0.739968 0.979432 0.743011 0.685238 0.986184 0.177613 0.221061 0.469235 0.791308 0.681000 0.384857 0.344621 0.584131 0.340751 0.517453 0.189849 0.390522 0.023402 0.284649 0.112086 0.958390 0.454411 0.576917 0.373113 0.656494 0.761835 0.260169 0.287508 0.652423 0.516311 0.381718 0.392391 0.495742 0.124730 0.077628 0.481927 0.302343 0.298689 0.951161 0.093650 0.979689 0.336019 0.438271 0.563821 0.676770 
0.955724 0.753670 0.067291 0.979127 0.038318 0.179377 0.937517 0.492729 0.756294 0.310630 0.149223 0.518129 0.570799 0.436731 0.170552 0.087110 0.818450 0.562943 0.582852 0.943180 0.640571 0.064779 0.245522 0.939260 0.015940 0.339173 0.918949 0.351959 0.777444 0.482770 0.028729 0.733168 0.236439 0.096020 0.712295 0.274758 0.275397 0.649812 0.767487 0.031691 0.960442 0.916710 0.549821 0.531242 0.353441 0.720373 0.618351 0.171891 0.283315 0.201204 
0.115071 0.923886 0.265983 0.360593 0.863146 0.281923 0.699766 0.782095 0.633882 0.477210 0.264865 0.662611 0.210378 0.501304 0.758631 0.922673 0.776062 0.034029 0.572486 0.543549 0.065720 0.532928 0.460259 0.615541 0.064169 0.813700 0.335913 0.682521 0.985592 0.619229 0.883725 0.100662 0.543115 0.149707 0.461255 0.406260 0.431630 0.161021 0.188355 0.065513 0.638230 0.453220 0.728124 0.848608 0.954524 0.486755 0.771282 0.730586 0.520784 0.343767 
0.274135 0.586504 0.876695 0.734394 0.202044 0.940865 0.548095 0.537958 0.623386 0.533686 0.157186 0.507110 0.634349 0.700301 0.656817 0.095604 0.106561 0.088448 0.256625 0.294917 0.153961 0.894855 0.748137 0.882085 0.743464 0.702662 0.368840 0.514746 0.433248 0.889624 0.858513 0.707383 0.476127 0.735208 0.441777 0.678172 0.676073 0.989872 0.216130 0.299458 0.523558 0.373316 0.806568 0.157907 0.073616 0.463386 0.253511 0.180178 0.551834 0.510135 
0.475094 0.705795 0.404991 0.223231 0.587879 0.148454 0.925893 0.956719 0.663200 0.359141 0.846343 0.521713 0.066524 0.322470 0.256921 0.508301 0.000642 0.932994 0.498173 0.216771 0.232452 0.021731 0.590087 0.039020 0.179638 0.663704 0.502406 0.433148 0.843881 0.054240 0.943283 0.318976 0.760034 0.348274 0.542207 0.347914 0.496728 0.468100 0.304633 0.159928 0.827241 0.150975 0.681641 0.893764 0.473445 0.938561 0.402065 0.474087 0.871555 0.900238 
0.690859 0.104007 0.921969 0.280946 0.143027 0.101607 0.944649 0.645433 0.534755 0.788530 0.699673 0.478039 0.107506 0.459708 0.826313 0.649713 0.807621 0.323041 0.117813 0.112254 0.482969 0.945053 0.263229 0.164610 0.838817 0.736675 0.103171 0.240883 0.210762 0.974726 0.141121 0.901621 0.078733 0.063091 0.182566 0.221760 0.164698 0.127216 0.867194 0.699453 0.915746 0.566867 0.177491 0.023252 0.026575 0.003804 0.672965 0.834196 0.326845 0.790777 
0.946450 0.809814 0.735830 0.209680 0.974424 0.574648 0.946354 0.077595 0.815531 0.157116 0.052321 0.956652 0.058737 0.131054 0.019743 0.241303 0.352815 0.184440 0.368518 0.220008 0.883893 0.284264 0.786875 0.061384 0.307516 0.813450 0.065188 0.980481 0.647646 0.392033 0.771258 0.594096 0.201847 0.507088 0.803776 0.176271 0.081736 0.750130 0.253865 0.897267 0.907246 0.306186 0.853919 0.965983 0.437241 0.873661 0.207286 0.790055 0.058101 0.575805 
0.010063 0.941994 0.860069 0.796939 0.003379 0.167585 0.610388 0.068567 0.148066 0.258035 0.460600 0.919324 0.852131 0.662447 0.426412 0.655907 0.838718 0.508148 0.406037 0.092583 0.405415 0.313284 0.398770 0.259333 0.279267 0.836010 0.132995 0.486553 0.626066 0.191096 0.062357 0.636129 0.133091 0.922426 0.433067 0.136469 0.090012 0.043456 0.205036 0.238078 0.301490 0.665637 0.157402 0.153621 0.328084 0.583814 0.809528 0.166802 0.091962 0.215565 
0.259385 0.497377 0.528849 0.658154 0.756710 0.808116 0.494165 0.889705 0.294669 0.120230 0.080801 0.357026 0.756359 0.213891 0.279453 0.189426 0.350361 0.369464 0.232882 0.555397 0.607542 0.534373 0.221034 0.764943 0.687994 0.549117 0.348757 0.497522 0.715919 0.440719 0.713087 0.975304 0.938096 0.241936 0.633458 0.694806 0.050052 0.127623 0.584510 0.344721 0.247853 0.665311 0.701747 0.004212 0.879202 0.981200 0.193639 0.229562 0.350664 0.426521 
0.784959 0.958206 0.960893 0.005993 0.723149 0.648887 0.555111 0.071906 0.146409 0.271030 0.512625 0.859496 0.246333 0.450720 0.101433 0.879792 0.145526 0.151485 0.007414 0.730036 0.496206 0.255267 0.395347 0.197953 0.259480 0.274549 0.179152 0.453118 0.504111 0.529816 0.879639 0.289071 0.488022 0.840532 0.295064 0.211171 0.489420 0.850175 0.283077 0.635829 0.121204 0.795702 0.495325 0.367538 0.246422 0.596758 0.247329 0.391948 0.748243 0.254744 
0.121984 0.244448 0.510011 0.517331 0.442401 0.769491 0.791880 0.621553 0.222609 0.295992 0.151369 0.102248 0.585063 0.639391 0.942780 0.880127 0.850562 0.432200 0.730301 0.133639 0.068028 0.851505 0.929340 0.563353 0.219043 0.175762 0.160111 0.466372 0.567711 0.908354 0.721116 0.689695 0.152802 0.231127 0.207027 0.595203 0.000618 0.998907 0.216756 0.223226 0.294899 0.368125 0.325474 0.879961 0.007516 0.268254 0.760088 0.858078 0.700454 0.490389 
0.991717 0.768482 0.341895 0.921057 0.331836 0.560937 0.096820 0.491947 0.027309 0.664530 0.400300 0.748425 0.354226 0.553102 0.979552 0.561252 0.148304 0.980170 0.560159 0.365060 0.203396 0.855058 0.733185 0.528870 0.735019 0.740702 0.797124 0.495107 0.598780 0.497578 0.985497 0.590497 0.266061 0.327391 0.511554 0.597896 0.888329 0.608374 0.089843 0.915638 0.272904 0.490143 0.664063 0.627130 0.043245 0.643616 0.188382 0.191549 0.623785 0.748541 
0.556609 0.827181 0.603599 0.289795 0.356051 0.338618 0.030496 0.153176 0.833725 0.629276 0.650754 0.819222 0.219773 0.916815 0.146614 0.731327 0.514711 0.034942 0.339700 0.604553 0.950581 0.612604 0.094696 0.614644 0.239734 0.137941 0.258260 0.428115 0.329490 0.882045 0.176656 0.886099 0.709226 0.780255 0.175894 0.065277 0.118872 0.206390 0.218453 0.952598 0.835666 0.869207 0.771820 0.055439 0.786021 0.918434 0.786765 0.300732 0.953376 0.126466 
0.905285 0.903957 0.739070 0.999982 0.518601 0.978804 0.137923 0.776861 0.406919 0.467413 0.658905 0.583575 0.353512 0.368131 0.363830 0.529406 0.433408 0.482702 0.735797 0.651861 0.435300 0.571463 0.521068 0.207120 0.626902 0.307089 0.125554 0.413667 0.607821 0.078930 0.540133 0.513106 0.982886 0.279202 0.513088 0.501487 0.258006 0.651011 0.278348 0.664925 0.118424 0.937253 0.248500 0.471936 0.305384 0.612330 0.001343 0.738793 0.095032 0.737139 
0.390654 0.530332 0.308602 0.911721 0.737452 0.935504 0.218810 0.863005 0.349171 0.826631 0.941935 0.889303 0.339737 0.924821 0.168506 0.852825 0.426308 0.426512 0.503836 0.704656 0.091437 0.622260 0.641909 0.339937 0.094196 0.947294 0.952267 0.095539 0.686086 0.047299 0.832678 0.076740 0.577631 0.141280 0.988462 0.315083 0.076784 0.207272 0.178088 0.425955 0.033903 0.120023 0.315258 0.373641 0.044844 0.483764 0.226466 0.471153 0.910276 0.730302 
0.175809 0.001713 0.352562 0.817718 0.341650 0.446758 0.765012 0.293918 0.542296 0.451098 0.341217 0.374974 0.527838 0.918847 0.516255 0.516300 0.233930 0.593038 0.723572 0.412018 0.018993 0.757475 0.532042 0.334251 0.131116 0.576886 0.818015 0.357582 0.048039 0.728292 0.087884 0.223848 0.730005 0.440446 0.041566 0.071655 0.887204 0.806577 0.365573 0.429500 0.257675 0.706789 0.804475 0.785514 0.625637 0.320729 0.301814 0.859567 0.913768 0.025385 
0.271585 0.932761 0.782860 0.803627 0.267012 0.913976 0.380513 0.085028 0.271558 0.428552 0.813319 0.359442 0.652399 0.543324 0.799887 0.693965 0.614979 0.687091 0.500543 0.980552 0.116591 0.758218 0.687341 0.921065 0.543732 0.312978 0.241795 0.845545 0.172545 0.155562 0.870931 0.444130 0.088323 0.653791 0.247757 0.355335 0.567767 0.628270 0.440363 0.839325 0.056822 0.253682 0.198767 0.709221 0.797006 0.998654 0.403186 0.411985 0.685745 0.903729 
0.392537 0.802336 0.661947 0.079878 0.723402 0.205679 0.392856 0.965196 0.051224 0.565401 0.120758 0.922155 0.009531 0.209081 0.575946 0.257288 0.564416 0.143713 0.885558 0.004779 0.983038 0.942380 0.258461 0.181805 0.651601 0.055466 0.180459 0.054787 0.467451 0.866204 0.958516 0.859988 0.668540 0.620463 0.939866 0.391942 0.826142 0.332723 0.357138 0.877366 0.898124 0.477896 0.799521 0.907655 0.686977 0.375467 0.164943 0.251394 0.519180 0.050501 
0.256173 0.502218 0.992881 0.514634 0.684022 0.644482 0.570100 0.864482 0.699269 0.037551 0.730686 0.657785 0.897539 0.399226 0.278249 0.837406 0.791168 0.104391 0.170129 0.148306 0.981757 0.068252 0.626202 0.781278 0.975907 0.313179 0.156744 0.140851 0.564573 0.675924 0.191352 0.820746 0.178141 0.184233 0.335379 0.862164 0.828715 0.905479 0.726645 0.527984 0.943031 0.457331 0.185770 0.840570 0.856557 0.464018 0.677976 0.647724 0.568409 0.848104 
0.796030 0.550166 0.916357 0.422232 0.331443 0.892264 0.735411 0.488187 0.033115 0.299984 0.164111 0.224467 0.120730 0.342252 0.408700 0.456109 0.204416 0.237415 0.361589 0.931061 0.765399 0.304619 0.388392 0.951169 0.145189 0.244949 0.415188 0.823165 0.892673 0.983597 0.671269 0.688703 0.533762 0.587626 0.110935 0.865206 0.479890 0.846346 0.353393 0.513005 0.146331 0.517504 0.737472 0.267061 0.859757 0.146171 0.723170 0.064173 0.383587 0.084759 
0.995234 0.148986 0.389378 0.383626 0.100155 0.534567 0.628575 0.515343 0.357732 0.521248 0.498939 0.029002 0.209951 0.032702 0.616628 0.320886 0.897908 0.096518 0.167233 0.251301 0.609523 0.313563 0.768806 0.346994 0.580624 0.628562 0.493166 0.303794 0.692735 0.876752 0.388552 0.687969 0.025738 0.777930 0.071595 0.125894 0.312497 0.700169 0.641236 0.670229 0.221417 0.140176 0.699231 0.431368 0.172878 0.315859 0.752254 0.070786 0.412377 0.919487 
0.322087 0.021899 0.233050 0.090892 0.368894 0.813674 0.719455 0.862060 0.117467 0.412189 0.738812 0.506019 0.100158 0.764551 0.283950 0.171753 0.890444 0.596447 0.871922 0.531681 0.266676 0.093339 0.671857 0.965907 0.524707 0.844734 0.281765 0.276961 0.915520 0.694142 0.196448 0.237607 0.716041 0.429498 0.328499 0.084935 0.243171 0.047954 0.946995 0.360638 0.460143 0.685808 0.866658 0.560301 0.450358 0.150607 0.732054 0.340803 0.747054 0.603976 
0.872483 0.013730 0.697315 0.544340 0.979637 0.222022 0.389075 0.261402 0.498983 0.304595 0.955544 0.695431 0.542201 0.671586 0.124929 0.870701 0.756521 0.368101 0.918654 0.703516 0.728739 0.378797 0.389324 0.595397 0.939099 0.839682 0.746004 0.671153 0.180484 0.493059 0.275129 0.052968 0.506789 0.972444 0.597308 0.486426 0.194467 0.986382 0.747828 0.693450 0.290977 0.703372 0.388881 0.833179 0.374958 0.513811 0.703879 0.131479 0.881911 0.622533 
0.834995 0.610650 0.001331 0.224319 0.206047 0.940429 0.064000 0.952051 0.611582 0.244485 0.445110 0.886712 0.297453 0.951899 0.859156 0.894761 0.438325 0.053623 0.881143 0.186153 0.747072 0.172120 0.889525 0.135954 0.005299 0.264483 0.649764 0.709178 0.395962 0.531675 0.331711 0.230957 0.142325 0.333042 0.455276 0.348372 0.273471 0.519276 0.300424 0.885054 0.763761 0.745534 0.771765 0.061214 0.697433 0.630921 0.955974 0.135757 0.684544 0.837118 
0.321910 0.431616 0.009238 0.211436 0.567570 0.014536 0.475919 0.217334 0.723714 0.871881 0.749010 0.055425 0.102839 0.891335 0.388467 0.558114 0.239707 0.661938 0.077390 0.540131 0.546992 0.841151 0.285665 0.318757 0.902365 0.983098 0.949678 0.858340 0.118855 0.634222 0.695457 0.440766 0.065838 0.704695 0.652201 0.633408 0.719231 0.128121 0.850743 0.442946 0.000002 0.599753 0.498371 0.102841 0.491088 0.886838 0.660955 0.730795 0.548777 0.738345 
0.270926 0.095769 0.579497 0.556591 0.414526 0.481862 0.539689 0.364204 0.340202 0.658544 0.998426 0.035659 0.099310 0.064265 0.740353 0.751511 0.697673 0.459585 0.879632 0.548416 0.902530 0.879634 0.148169 0.400902 0.982475 0.639256 0.287740 0.643430 0.370051 0.836516 0.381775 0.640978 0.932285 0.961272 0.197569 0.346811 0.443134 0.737258 0.711015 0.783335 0.395802 0.709441 0.818994 0.495112 0.773706 0.559348 0.246623 0.471379 0.018932 0.126255 
0.019795 0.921463 0.005890 0.167964 0.322364 0.988364 0.807220 0.610104 0.631794 0.177271 0.446621 0.013569 0.818249 0.378906 0.974841 0.015818 0.725717 0.417975 0.753076 0.436732 0.201310 0.148878 0.146173 0.020305 0.643990 0.919879 0.579652 0.890613 0.391258 0.598585 0.016869 0.411053 0.520047 0.022758 0.579017 0.842412 0.011122 0.386237 0.452516 0.642916 0.563509 0.899137 0.656485 0.381758 0.278043 0.631326 0.397576 0.003760 0.049301 0.150651 
0.440491 0.250612 0.299529 0.586664 0.270916 0.943519 0.506543 0.850568 0.834132 0.897801 0.449153 0.851001 0.308855 0.969200 0.873760 0.887872 0.811612 0.884882 0.274109 0.264128 0.527798 0.837618 0.163266 0.184284 0.219376 0.441308 0.815610 0.616952 0.445068 0.864911 0.767603 0.885559 0.115523 0.067132 0.472224 0.386439 0.010651 0.978767 0.237007 0.844784 0.876568 0.686160 0.695785 0.185422 0.655361 0.569545 0.073294 0.466973 0.454427 0.347403 
0.731101 0.982225 0.185021 0.894367 0.166509 0.404397 0.335675 0.982119 0.021348 0.780743 0.847030 0.788951 0.666303 0.962553 0.856084 0.138526 0.348992 0.866735 0.117293 0.586000 0.711519 0.993861 0.272160 0.407304 0.179283 0.927521 0.976849 0.252577 0.394494 0.431276 0.599980 0.125595 0.413501 0.785001 0.019962 0.580009 0.189398 0.355637 0.562128 0.210746 0.136381 0.409158 0.999697 0.802683 0.371711 0.855781 0.941210 0.720703 0.722516 0.058503 
0.306703 0.434035 0.052363 0.578863 0.841339 0.231646 0.506383 0.818188 0.484223 0.900877 0.249463 0.084203 0.026472 0.662964 0.869205 0.046434 0.242973 0.058602 0.402071 0.805102 0.269349 0.538452 0.214260 0.269046 0.341135 0.585971 0.124827 0.282345 0.306675 0.847343 0.340847 0.613378 0.281377 0.393210 0.192240 0.122716 0.624857 0.698624 0.940904 0.109080 0.599501 0.190367 0.193283 0.625973 0.853331 0.062488 0.672406 0.096305 0.121090 0.074477 
